time	x	y	pressure	tiltX	tiltY	azimuth	sidePressure	rotation
71.59445974099799	462.0	569.0	0.19342336	1.0471954	0.2792612	0.16407043	0.0	0.0
71.65621388998989	491.0	623.0	0.21249714	1.0471954	0.6632454	0.42376542	0.0	0.0
71.67300802200043	491.0	623.0	0.22763409	1.0471954	0.698153	0.45115286	0.0	0.0
71.68936534899694	510.0	620.0	0.24814221	1.0471954	0.698153	0.45115286	0.0	0.0
71.70581158698769	529.0	605.0	0.25400168	1.0471954	0.698153	0.45115286	0.0	0.0
71.7263313709991	551.0	582.0	0.25546655	1.0471954	0.698153	0.45115286	0.0	0.0
71.7406746919878	587.0	547.0	0.25888458	1.0471954	0.73306066	0.47942045	0.0	0.0
71.756116405988	613.0	533.0	0.26523232	1.0471954	0.7679683	0.5086362	0.0	0.0
71.77535508199071	617.0	537.0	0.26770428	1.0471954	0.7679683	0.5086362	0.0	0.0
71.78954729299585	617.0	584.0	0.19928282	1.0471954	0.7679683	0.5086362	0.0	0.0
71.80618135500117	611.0	635.0	0.10061799	1.0471954	0.6632454	0.42376542	0.0	0.0
71.82664160498825	608.0	685.0	0.020508125	1.0471954	0.59343004	0.37137407	0.0	0.0
Pause
Pattern T11 took 71.89093696700002 seconds.
